# id	left	top	right	bottom	texture_id
[SPRITES]
#ITEM
8010001	298	350	313	365	60
8010002	278	350	293	365	60
8010003	258	350	273	365	60

#MUSHROOM EARNED
8010004	257	373	272	388	60
8010005	319	374	328	389	60
8010006	362	374	364	389	60

#FLOWER EARNED
8010007	277	374	292	389	60
8010008	332	375	341	389	60
8010009	362	374	364	389	60

#STAR EARNED
8010010	297	373	312	388	60
8010011	347	374	356	389	60
8010012	362	374	364	389	60

# ani_id	sprite1_id	time1	sprite2_id	time2	...
[ANIMATIONS]
#MUSHROOM EARNED
8010100	8010004	200	8010005	200	8010006	200

#FLOWER EARNED
8010200	8010007	200	8010008	200	8010009	200

#STAR EARNED
8010300	8010010	200	8010011	200	8010012	200