# id	left	top	right	bottom	texture_id
[SPRITES]
#WALK LEFT
3030001	0	50	15	77	10
3030002	16	50	31	77	10

#WALK RIGHT
3030008	1360	50	1375	77	10
3030009	1344	50	1359	77	10

#HIDE
3030003	32	64	47	79	10 

#SHELL
3030004	32	48	47	63	10
3030005	48	48	63	63	10
3030006	64	48	79	63	10 
3030007	80	48	95	63	10

# ani_id	sprite1_id	time1	sprite2_id	time2	...
[ANIMATIONS]
#WALK LEFT
3030100	3030001	100	3030002	100

#WALK RIGHT
3030500	3030008	100	3030009	100

#SHELL
3030200	3030004	100

#RESPAWN
3030300	3030003	300	3030004	300

#SHELL ROLL
3030400	3030004	100	3030005	100	3030006	100