#scene_width	sceen_height	cam_x	cam_y	max_cam_x	max_cam_y	min_cam_x	min_cam_y	bg_r	bg_g	bg_b	previous_scene
[SETTINGS]
256	256	0	0	2480	0	0	232	156	252	240	2

# list of object assets to load in this scene
[ASSETS]
#CHARACTERS
loaders\mario.txt

#MISC
loaders\coin.txt
loaders\mushroom.txt
loaders\green-mushroom.txt
loaders\question-block.txt
loaders\point.txt
loaders\cloud.txt
loaders\block.txt
loaders\brick.txt
loaders\platform.txt
loaders\super-leaf.txt

#HUD
loaders\item-box.txt
loaders\font.txt
loaders\game-board.txt

#ENEMIES
loaders\goomba.txt
loaders\red-goomba.txt
loaders\koopa.txt
loaders\red-koopa.txt
loaders\venus-fire-trap.txt

#ENEMYITEMS
loaders\fireball.txt
loaders\wing.txt

#
[OBJECTS]
# type	x	y	extra_settings per object type
# See OBJECT_TYPE constants in AssetIDs.h

# MARIO
101	50	300
#101	530	356

# GOOMBA
301	224	398
301	528	398
301	832	382
301	880	382

#PARA RED GOOMBA
302	946	380

#RED KOOPA
304	577	356
304	2096	355

#GREEN KOOPA
303	1472	385

#PARA GREEN KOOPA
303	1328	293
303	1376	293
303	1424	293

#COIN
201	1072	320
201	1104	288
201	1136	256
201	1168	224
201	1200	192
201	1328	80
201	1344	80
201	1360	80
201	1472	112
201	1488	112
201	1536	128
201	1552	128
201	1568	128
201	1584	128
201	1616	112
201	1632	112
201	1648	112
201	1664	112
201	1696	144
201	1728	112
201	1760	128
201	1808	96
201	1840	128

#INVISIBLE_PLATFORM
#PLATFORM
501	-32	416	16	16	42
501	624	400	16	16	29
501	1152	416	16	16	22
501	1664	416	16	16	36
501	2256	416	16	16	14

#BLOCK
#id	x	y	width	height	length	isTopPlatform
501	1536	416	16	16	5	1
501	240	368	16	16	3	1
501	272	336	16	16	3	1
501	400	368	16	16	5	1
501	464	336	16	16	4	1
501	512	304	16	16	4	1
501	512	384	16	16	6	1
501	1264	384	16	16	7	1
501	1296	352	16	16	7	1
501	1328	320	16	16	7	1
501	2144	368	16	16	3	1
501	1312	144	16	16	4	1
501	2176	272	16	16	3	1

#WALL
501	-16	0	16	800	1
#501	624	400	16	16	1

#DEADLINE
504	1088	440	16	16	4
504	1504	440	16	16	2
504	1616	440	16	16	3

#QUESTION_BLOCK
205	176	352	201
205	192	352	201
205	224	304	201
205	240	304	203
205	416	320	201
205	656	384	211
205	704	352	201
205	1440	128	201
205	1472	368	201

#CLOUD
207	1408	192
207	1424	192
207	1440	192
207	1456	192 
207	1488	176
207	1504	176
207	1520	176
207	1536	176
207	1552	176
207	1568	176
207	1600	176
207	1616	176
207	1632	176
207	1648	176
207	1664	176
207	1680	176

# BLOCK
208	1504	336
208	1520	336
208	1600	368
208	1584	384
208	1600	384
208	1568	400
208	1584	400
208	1600	400
208	1664	368
208	1664	384
208	1680	384
208	1664	400
208	1680	400
208	1696	400
208	2256	304
208	2272	304
208	2256	368
208	2272	368

#BRICK
209	1952	400
209	1968	384
209	1968	400
209	1984	368
209	1984	384
209	1984	400
209	2000	368
209	2000	384
209	2000	400
209	2016	368
209	2016	384
209	2016	400
209	2032	368
209	2032	384
209	2032	400
209	2048	400
209	2096	384
209	2096	400
209	2112	400

#CHIMNEY
#id	x	y	width	height	obj_id	obj_ani	direction	scene_id
210	352	368	2	3	305	-1
210	1792	384	2	2	0	-1
210	1856	368	2	3	305	-1
210	2256	112	2	12	0	4
210	2256	384	2	2	0	-1
210	2320	384	2	2	0	-1

#Portal 
502	300	160	216	180	1

[MAPFILE]
mapfiles\map1-1.txt
