# id	left	top	right	bottom	texture_id
[SPRITES]
#####  BIG ###############
#IDLE
11121	246	154	259	181	0
11111	186	154	199	181	0

#WALKING RIGHT
11222	275	154	290	181	0
11223	304	154	321	181	0

#WALKING LEFT
11212	155	154	170	181	0
11213	125	154	140	181	0

#RUNNING RIGHT
11321	334	154	355	181	0
11322	334	154	355	181	0
11323	392	154	413	181	0

#RUNNING LEFT
11311	91	154	112	181	0
11312	65	154	86	181	0
11313	34	154	55	181	0

#JUMP WALK RIGHT
11417	395	275	412	302	0
11413	35	275	52	302	0

#JUMP RUN RIGHT & LEFT
11427	394	195	413	222	0
11423	35	195	52	222	0

#SIT RIGHT & LEFT 
11521	426	239	441	256	0
11511	5	239	20	256	0

#BRACE RIGHT & LEFT 
11621	425	154	442	181	0
11611	5	154	22	181	0

#DIE
13001	215	120	234	137	0

############ SMALL ################
#IDLE LEFT
1010001	0	15	16	31	0

#IDLE RIGHT
1010002	1027	16	1043	32	0

#WALK LEFT
1010003	19	16	35	32	0

#WALK RIGHT
1010004	1009	16	1025	32	0

#RUN LEFT
1010005	55	16	71	32	0
1010006	73	16	88	32	0

#RUN RIGHT
1010007	973	16	988	32	0
1010008	955	16	971	32	0

#BRACE LEFT
1010009	144	16	160	32	0
1010010	162	16	178	32	0

#BRACE RIGHT
1010011	884	16	900	32	0
1010012	866	16	882	32	0

#JUMP WALK LEFT
1010013	37	16	53	32	0

#JUMP WALK RIGHT
1010014	991	16	1007	32	0

#JUMP RUN RIGHT & LEFT 
12423	65	40	80	55	0
12427	365	40	380	55	0

# ani_id	sprite1_id	time1	sprite2_id	time2	...
[ANIMATIONS]
400	11121	100
401	11111	100

#WALKING RIGHT & LEFT 
500	11121	100	11222	100	11223	100
501	11111	100	11212	100	11213	100

#RUNNING RIGHT & LEFT
600	11321	50	11322	50	11323	50
601	11311	50	11312	50	11313	50

#JUMP WALK
700	11417	100
701	11413	100

#JUMP RUN
800	11427	100
801	11423	100

#SIT RIGHT & LEFT
900	11521	100
901	11511	100

#BRACE RIGHT & LEFT 
1000	11621	100
1001	11611	100

#DIE
999	13001	100

################### SMALL ANI #################
#IDLE LEFT & RIGHT
1010100	1010001	100
1010200	1010002	100

#WALK LEFT & RIGHT
1010300	1010001	100	1010003	100
1010400	1010002	100	1010004	100

#RUN LEFT & RIGHT
1010500	1010005	100	1010006	100
1010600	1010007	100	1010008	100

#BRACE LEFT & RIGHT
1010700	1010009	100
1010800	1010011	100

#BRACE WALK LEFT & RIGHT
1010900	1010009	100	1010010	100
1011000	1010011	100	1010012	100

#JUMP WALK
1500	12417	100
1501	12413	100

#JUMP RUN 
1601	12423	100
1600	12427	100