# id	left	top	right	bottom	texture_id
[SPRITES]
#WALK LEFT
3040001	96	50	111	77	10
3040002	112	50	127	77	10

#WALK RIGHT
3040008	1264	50	1279	77	10
3040009	1248	50	1263	77	10

#HIDE
3040003	128	64	143	79	10 

#SHELL
3040004	128	48	143	63	10
3040005	144	48	159	63	10
3040006	160	48	175	63	10 
3040007	176	48	191	63	10

# ani_id	sprite1_id	time1	sprite2_id	time2	...
[ANIMATIONS]
#WALK LEFT
3040100	3040001	100	3040002	100

#WALK RIGHT
3040500	3040008	100	3040009	100

#SHELL
3040200	3040004	100

#RESPAWN
3040300	3040003	300	3040004	300

#SHELL ROLL
3040400	3040004	100	3040005	100	3040006	100