#scene_width	sceen_height	cam_x	cam_y	max_cam_x	max_cam_y
[SETTINGS]
400	300	0	0	2480	132

# id	file_path	transparent_color_r	g	b
[TEXTURES]
0	textures\mario-luigi.png	68	145	190
10	textures\enemies.png	68	145	190
20	textures\npc-misc.png	166	185	255

# id	file_path	texture_id
[SPRITES]
0	data\character-sprite.txt	0
10	data\enemies-sprite.txt	10
20	data\misc-sprite.txt	20
						
# ani_id	file_path	
[ANIMATIONS]
0	data\character-animation.txt
10	data\enemies-animation.txt
20	data\misc-animation.txt

#
# id	ani1	ani2	ani3
#
[ANIMATION_SETS]
# MARIO
101	10101	10102	10103	12101	12102	12103
# GOOMBA
314	31401	31402
# QUESTION BLOCK
210	21001	21002
# BRICK
212	21201
# COIN
208	20801
# GREEN KOOPA
318	31801
# RED KOOPA
320	32001
# PARA GOOMBA
315	31501	31502

[OBJECTS]
# type	x	y	ani_set_id	extra_settings per object type
# type: 
# 0 = Mario 
# 1 = Block
# 2 = Goomba
# 3 = Question block
# 4 = Invisible block 
# 5 = Brick
# 6 = Coin
# 7 = Cloud
# 8 = Green Koopa
# 9 = Red Koopa
# 10 = Para Goomba
# 11 = Para Koopa
# 12 = Invisible Wall
# 13 = Chimney
# 14 = Enemy Wall

# MARIO
0	50	300	101

# BLOCK
1	1504	336	0
1	1520	336	0
1	1600	368	0
1	1584	384	0
1	1600	384	0
1	1568	400	0
1	1584	400	0
1	1600	400	0
1	1664	368	0
1	1664	384	0
1	1680	384	0
1	1664	400	0
1	1680	400	0
1	1696	400	0
1	2256	304	0
1	2272	304	0
1	2256	368	0
1	2272	368	0

# GOOMBA
2	224	384	314
2	528	400	314
2	832	384	314
2	880	384	314

#INVISIBLE_BLOCK
4	0	416	0	624
4	640	400	0	464
4	1152	416	0	352
4	1536	416	0	80
4	1664	416	0	576
4	2256	416	0	224
4	240	368	0	48
4	272	336	0	48
4	400	368	0	80
4	464	336	0	64
4	512	304	0	64
4	512	384	0	96
4	1264	384	0	112
4	1296	352	0	112
4	1328	320	0	112
4	2144	368	0	48
4	1312	144	0	64
4	2176	272	0	48

#QUESTION_BLOCK
3	176	352	210	6	208
3	192	352	210	15	0
3	224	304	210	6	208
3	240	304	210	6	208
3	416	320	210	6	208
3	656	384	210	6	208
3	704	352	210	6	208
3	1472	368	210	6	208

#BRICK
5	1952	400	212
5	1968	384	212
5	1968	400	212
5	1984	368	212
5	1984	384	212
5	1984	400	212
5	2000	368	212
5	2000	384	212
5	2000	400	212
5	2016	368	212
5	2016	384	212
5	2016	400	212
5	2032	368	212
5	2032	384	212
5	2032	400	212
5	2048	400	212
5	2096	384	212
5	2096	400	212
5	2112	400	212

#COIN
6	1072	320	208
6	1104	288	208
6	1136	256	208
6	1168	224	208
6	1200	192	208
6	1328	80	208
6	1344	80	208
6	1360	80	208
6	1472	112	208
6	1488	112	208
6	1536	128	208
6	1552	128	208
6	1568	128	208
6	1584	128	208
6	1616	112	208
6	1632	112	208
6	1648	112	208
6	1664	112	208
6	1696	144	208
6	1728	112	208
6	1760	128	208
6	1808	96	208
6	1840	128	208

#CLOUD
7	1408	192	0
7	1424	192	0
7	1440	192	0
7	1456	192	0
7	1488	176	0
7	1504	176	0
7	1520	176	0
7	1536	176	0
7	1552	176	0
7	1568	176	0
7	1600	176	0
7	1616	176	0
7	1632	176	0
7	1648	176	0
7	1664	176	0
7	1680	176	0

#GREEN KOOPA
8	1472	385	318

#RED KOOPA
9	577	356	320
9	2096	357	320

#PARA GOOMBA
10	946	380	315

#PARA KOOPA
11	1328	293	318
11	1376	293	318
11	1424	293	318

#INVISIBLE_WALL
12	-16	0	0	800
12	624	400	0	16
12	2480	300	0	800

#CHIMNEY
13	352	368	0	32	48
13	1792	384	0	32	32
13	1856	368	0	32	48
13	2256	112	0	32	192
13	2256	384	0	32	32
13	2320	384	0	32	32

#ENEMY_WALL
14	1088	337	0	64
14	1136	353	0	64
14	1504	289	0	128
14	1520	289	0	128
14	2240	369	0	48
14	496	368	0	16
14	608	368	0	16
14	656	320	0	80

# --- SCENE PORTAL ----
# type	l	t	ani_set_id	r	b	scene_id
50	300	98	1	316	150	1

[MAP]
0	mapfiles\map1-1.txt


