10101	100	10001
10102	100	10001	10002
10103	100	10003
10104	100	10004	10005
10105	100	10009	10010
10106	100	10011
10107	100	12004
10108	300	12006	12007	12008
10109	100	10006
10110	100	12009
12101	100	12001
12102	100	12001	12002	12003
12103	300	12003	12005
11801	100	10018
#TAIL MARIO (ANI 14->)
10111	100	15001
10112	100	15001	15002	15003
10113	300	15005	15006
10114	100	15004
10115	100	15008	15009	15010
10116	100	15011	15012	15013
10117	100	15015	15016	15017
#FIRE MARIO (ANI 21->)
10118	100	14001
10119	100	14001	14002	14003
10120	300	14003	14005
10121	100	14004
10122	100	14006	14007	14008
10123	100	14009
10124	100	14016
10125	100	14031	14032
#MARIO FIREBALL
13501	500	16001	16002	16003	16004
#SMOKE
13601	300	17001	17002	17003	17004