30001 14 0 0 16 16
30002 14 16 0 32 16
30003 14 32 7 48 16
30004 15 88 0 104 16
30005 15 104 0 120 16
30006 15 120 7 136 16
30007 16 136 2 144 15
30008 17 144 7 152 16
30009 18 0 50 16 77
30010 18 16 51 32 78
30011 19 32 48 48 63
30012 19 48 48 64 64
30013 19 64 48 80 64
30014 19 80 48 96 64
30015 19 32 64 48 80
30016 20 96 50 112 77
30017 20 112 50 128 78
30018 21 128 48 144 64
30019 21 144 48 160 64
30020 21 160 48 176 64
30021 21 176 48 192 64
30022 21 128 64 144 80 
30023 22 0 144 16 176
30024 22 16 144 32 176
30025 23 32 144 48 176
30026 23 48 144 64 176
30027 23 64 144 80 176
30028 23 80 144 96 176
30029 24 96 144 112 176
30030 24 112 144 128 176
30031 25 128 144 144 176
30032 25 144 144 160 176
30033 25 160 144 176 176
30034 25 176 144 192 176
  