40001 26 76 30 85 38
40002 26 86 30 95 38
40003 26 96 30 105 38
40004 26 106 30 115 38
40005 26 116 30 125 38
40006 26 126 30 135 38 
40007 26 136 30 145 38
40008 26 146 30 155 38
40009 26 156 30 165 38
40010 26 166 30 175 38
40011 27 176 30 185 39
40012 27 186 30 195 39
40013 27 76 40 85 49
40014 27 86 40 95 49
40015 27 96 40 105 49
40016 27 106 40 115 49
40017 27 116 40 125 49
40018 27 126 40 135 49
40019 27 136 40 143 49
40020 27 146 40 155 49
40021 27 156 40 165 49 
40022 27 166 40 175 49
40023 27 176 40 185 49
40024 27 186 40 195 49
40025 27 76 50 85 59
40026 27 86 50 95 59
40027 27 96 50 105 59
40028 27 106 50 115 59
40029 27 116 50 125 59
40030 27 126 50 135 59
40031 27 136 50 145 59
40032 27 146 50 155 59
40033 27 156 50 165 59
40034 27 166 50 175 59
40035 27 176 50 185 59
40036 27 186 50 195 59
40037 28 60 88 72 97
40038 28 74 88 87 97
40039 28 89 88 102 97
40040 28 104 88 117 97
40041 28 119 88 135 97
40042 28 137 88 154 97
40043 28 156 88 173 97
40044 28 175 88 192 97
40045 28 194 88 211 97
40046 28 11 127 164 156
40047 29 15 160 32 168
40048 29 15 170 32 178 
40049 29 63 161 72 169
40050 29 72 161 88 169
40051 29 90 161 99 169
40052 29 99 161 115 169
40053 29 160 159 184 187 
40054 29 184 159 208 187
40055 29 208 159 232 187
40056 29 232 159 256 187

