20001 3 155 120 172 137
20002 4 179 120 196 137
20003 5 200 120 217 137
20004 5 221 120 238 137
20005 5 244 120 260 115
20006 6 285 120 302 137
20007 7 328 143 345 160
20008 8 292 99 303 116
20009 8 308 99 330 112
20010 8 318 99 352 111
20011 8 333 99 373 105
20012 8 352 99 367 116
20013 8 369 99 384 116
20014 9 155 143 172 160
20015 9 177 143 194 160
20016 9 199 152 216 160 
20017 10 156 187 173 204
20018 10 175 187 192 204
20019 10 195 187 212 204
20020 10 214 187 231 204
20021 10 234 187 251 204
20022 11 253 187 270 204
20023 12 273 187 290 204
20024 12 292 187 309 204
20025 12 311 187 328 204
20026 12 330 187 347 204
 